0,207,213,264,302
1,27,29,164,278,287,304,314
2,33,45,61,64,112,135,151,209,223,250,274
3,115,163
4,66,75,88,103,176,188,212,245
5,104,136,199,300,316
6,41,296
7,95,165,189,235,282
8,18,35,94,146,166,181,202,293
9,22,49,256,265,317
10,227,309
11,117,246,251,281,288,290
12,62,92,132,143,175
13,16,36,57,96,98,106,110,147,154,168,177,221,308
14,82,102,111,116,262,270,285,305,322
15,19,37,159,162,241,244,255,291,320,323
17,52,69,120,134,158,169,217,237,292
20,38,42,56,79,86,90,113,125,126,153,155,228,242,243
21,47,186,259,301
23,67,119,152,193,218,232,297,303
24,76,131,160,198,215,273,280,319
25,70,93,97,123,129,219
26,63,130,220,239
28,44,144,167,190,196,210,214,289,313
30,55,89,137,191,253,269,283,321
31,60,80,85,149,170,172,197,240,272,318
32,58,65,84,139,148,171,183,211,238,271,294
34,39,50,72,74,81,118,128,145,157,194,201,206,247,254,257,279,315
40,46,122,252,266
43,185,192,233,260
48,179,276,307
51,174
53,68,73,87,100,142,180,200,204,205,268,284,310
54,124,261
59,182,224
71,226,249,258,286
77,83,109,121,133,141,150,187,230,234,267,306
78,99,108,156,195,216,222,295,299,312
91,101,138,161,173,208,229,236,248,311
105
107,178,225,263,277
114,127,184
140,231,298
203,275
